42
5
15
42
5
15
42
5
15
42
42
5
15
42
5
42
5
15
42
5
15
42
42
42
42
5
42
5
42
5
42
5
42
42
5
42
42
42
42
42
42
42
42
42
5
42
42
42
42
42
42
42
42
42
42
42
5
42
42
42
42
15
42
42
42
42
42
42
42
42
5
42
42
42
42
15
42
42
42
5
42
42
42
42
42
15
42
42
42
42
5
42
42
42
42
15
5
5
5
42
42
42
5
42
42
42
42
42
42
42
42
5
42
42
42
42
42
15
5
5
5
5
5
5
5
5
5
5
5
5
42
15
42
15
42
15
42
42
42
15
42
42
15
42
42
15
42
42
42
42
